1 1 1 0 0 -0.7253 0 0 -1.4063 0.30181 0 0 1 -60 60 -60 60 0 0 4 0 0 0 264.5 370.5 32.5 0.408 0 0 0.30181 0 1 0 1 0
2 1 1 0 -0.89127 0 0 1.875 1.4063 0.30806 0 0 1 -60 60 -60 60 0 0 4 0 0 0 329.5 352.5 32.5 0.67712 1.875 0 0.30806 0 1 0 1 0
3 1 1 1.5888 13.767 5.64 -2.5504 86.873 40.781 0.24547 0 0 1 -60 60 -60 60 0 0 4 0 0 0 230.5 358.5 32.5 15.402 86.873 2.5504 0.24547 0 1 0 1 0
4 1 1 0 0 0 0 1.875 0 0.28993 0 0 1 -60 60 -60 60 0 0 4 0 0 0 311.5 391.5 32.5 0.58224 1.875 0 0.28993 0 1 0 1 0
5 1 1 0 -0.58936 0 0 0 1.4063 0.34144 0 0 1 -60 60 -60 60 0 0 4 0 0 0 377.5 372.5 32.5 0.59838 0 0 0.34144 0 1 0 1 0
6 1 1 0 0 -0.69501 0 0 0 0.30023 0 0 1 -60 60 -60 60 0 0 4 0 0 0 333.5 398.5 32.5 0.54418 0 0 0.30023 0 1 0 1 0
7 1 1 0 0 1 -0.026573 1.875 2.8125 0.25601 0 0 1 -60 60 -60 60 0 0 4 0 0 0 413.5 385.5 32.5 1.5427 1.875 0.026573 0.25601 0 1 0 1 0
8 1 1 -0.64891 0 -1.2895 0 0 0 0.36509 0 0 1 -60 60 -60 60 0 0 4 0 0 0 189.5 340.5 52.5 0.84219 0 0 0.36509 0 1 0 1 0
9 1 1 -8.9194 6.6997 5.5988 145.82 46.606 40.781 0.2552 0 0 1 -60 60 -60 60 0 0 4 0 0 0 155.5 282.5 52.5 12.622 46.606 145.82 0.2552 0 1 0 1 0
10 1 1 13.823 -6.9661 7.2883 48.817 53.498 9.8438 0.21434 0 0 1 -60 60 -60 60 0 0 4 0 0 0 297.5 330.5 71.5 17.046 53.498 48.817 0.21434 0 1 0 1 0
11 1 1 0 0 0 0 0 0 0.2541 0 0 1 -60 60 -60 60 0 0 4 0 0 0 283.5 272.5 71.5 0.62809 0 0 0.2541 0 1 0 1 0
12 1 1 -10.404 -2.3887 2.3933 148.17 30.977 -9.8438 0.19764 0 0 1 -60 60 -60 60 0 0 4 0 0 0 339.5 274.5 71.5 10.95 30.977 148.17 0.19764 0 1 0 1 0
13 1 1 -13.04 -4.3962 2.8986 56.055 18.681 14.063 0.20434 0 0 1 -60 60 -60 60 0 0 4 0 0 0 381.5 214.5 71.5 14.15 18.681 56.055 0.20434 0 1 0 1 0
14 1 1 5.6865 -10.865 -1.1155 145.17 9.375 -4.2188 0.20622 0 0 1 -60 60 -60 60 0 0 4 0 0 0 63.5 286.5 71.5 12.592 9.375 145.17 0.20622 0 1 0 1 0
