1 1 1 -1.383 1.5893 -1.2449 134.98 108.28 156.09 0.5588 0 0 1 -60 60 -60 60 0 0 7 0 0 0 104.5 243.5 164.5 2.7028 108.28 134.98 0.5588 0 1 0 1 0
2 1 1 -2.5878 -0.58443 -2.2259 135.95 70.382 -30.938 0.53588 0 0 1 -60 60 -60 60 0 0 7 0 0 0 82.5 222.5 161.5 3.2892 70.382 135.95 0.53588 0 1 0 1 0
3 1 1 -4.074 -3.1752 -0.58821 116.86 69.61 -21.094 0.46774 0 0 1 -60 60 -60 60 0 0 7 0 0 0 69.5 196.5 161.5 4.7878 69.61 116.86 0.46774 0 1 0 1 0
4 1 1 -5.9126 1.6256 1.8393 79.761 111.32 -205.31 0.49091 0 0 1 -60 60 -60 60 0 0 7 0 0 0 66.5 161.5 163.5 5.9664 111.32 79.761 0.49091 0 1 0 1 0
5 1 1 -4.2817 3.2319 -1.4073 62.354 107.55 157.5 0.47756 0 0 1 -60 60 -60 60 0 0 7 0 0 0 69.5 128.5 164.5 5.1482 107.55 62.354 0.47756 0 1 0 1 0
6 1 1 -7.3146 -2.606 -1.0507 46.196 86.485 149.06 0.4929 0 0 1 -60 60 -60 60 0 0 7 0 0 0 86.5 105.5 161.5 7.4304 86.485 46.196 0.4929 0 1 0 1 0
7 1 1 -2.6414 -4.1685 -1.2838 46.203 103.33 8.4375 0.53424 0 0 1 -60 60 -60 60 0 0 7 0 0 0 106.5 83.5 163.5 4.9202 103.33 46.203 0.53424 0 1 0 1 0
8 1 1 -2.0976 -6.6723 -0.59948 13.771 97.13 158.91 0.60224 0 0 1 -60 60 -60 60 0 0 7 0 0 0 132.5 72.5 164.5 6.7167 97.13 13.771 0.60224 0 1 0 1 0
9 1 1 -1.6008 -7.2564 2.7491 -10.389 107.1 153.28 0.58978 0 0 1 -60 60 -60 60 0 0 7 0 0 0 163.5 67.5 160.5 7.4737 107.1 10.389 0.58978 0 1 0 1 0
10 1 1 0 -4.8372 -0.59717 -11.833 81.535 -19.688 0.60163 0 0 1 -60 60 -60 60 0 0 7 0 0 0 194.5 70.5 161.5 4.4468 81.535 11.833 0.60163 0 1 0 1 0
11 1 1 -1.3859 -3.408 -2.2043 -39.863 97.573 160.31 0.52699 0 0 1 -60 60 -60 60 0 0 7 0 0 0 223.5 82.5 164.5 4.1014 97.573 39.863 0.52699 0 1 0 1 0
12 1 1 4.2847 -2.5941 0 -48.673 89.327 -23.906 0.50617 0 0 1 -60 60 -60 60 0 0 7 0 0 0 241.5 105.5 164.5 5.4642 89.327 48.673 0.50617 0 1 0 1 0
13 1 1 4.1322 0 1.5885 -61.955 73.121 -22.5 0.48275 0 0 1 -60 60 -60 60 0 0 7 0 0 0 255.5 131.5 160.5 4.9512 73.121 61.955 0.48275 0 1 0 1 0
14 1 1 1.7717 0 1 -87.566 88.59 -16.875 0.48131 0 0 1 -60 60 -60 60 0 0 7 0 0 0 262.5 163.5 160.5 2.5661 88.59 87.566 0.48131 0 1 0 1 0
15 1 1 2.0088 -4.1709 -2.4034 -116.36 112.52 160.31 0.46863 0 0 1 -60 60 -60 60 0 0 7 0 0 0 257.5 197.5 166.5 5.5286 112.52 116.36 0.46863 0 1 0 1 0
16 1 1 1.8082 1.7289 -4.4007 -130.03 90.169 170.16 0.53518 0 0 1 -60 60 -60 60 0 0 7 0 0 0 243.5 220.5 167.5 5.1544 90.169 130.03 0.53518 0 1 0 1 0
17 1 1 -1.6372 0 -4.768 -135.3 69.69 -23.906 0.54079 0 0 1 -60 60 -60 60 0 0 7 0 0 0 223.5 245.5 166.5 4.7964 69.69 135.3 0.54079 0 1 0 1 0
18 1 1 -1.3452 2.298 -3.3348 -0.0003863 71.719 -202.5 0.59246 0 0 1 -60 60 -60 60 0 0 7 0 0 0 194.5 256.5 163.5 4.5108 71.719 0.0003863 0.59246 0 1 0 1 0
19 1 1 -1.4114 4.3337 -0.79985 175.06 101.24 -203.91 0.57831 0 0 1 -60 60 -60 60 0 0 7 0 0 0 164.5 261.5 163.5 5.1092 101.24 175.06 0.57831 0 1 0 1 0
20 1 1 -2.5812 1 2.9167 165.54 85.782 -28.125 0.59848 0 0 1 -60 60 -60 60 0 0 7 0 0 0 132.5 258.5 161.5 4.2813 85.782 165.54 0.59848 0 1 0 1 0
